4294967279,92
4294967279,91
4294967279,90
4294967278,182
4294967279,96
4294967279,95
4294967279,94
4294967279,93
4294967279,286
4294967278,294
4294967278,179
4294967278,178
4294967279,285
4294967278,293
4294967278,173
4294967279,100
4294967279,99
4294967279,98
4294967279,97
4294967279,284
4294967278,292
4294967278,171
4294967279,283
4294967278,291
4294967279,107
4294967279,106
4294967279,105
4294967279,104
4294967279,103
4294967279,102
4294967279,101
4294967278,290
4294967278,168
4294967279,125
4294967279,124
4294967279,123
4294967279,122
4294967279,121
4294967279,120
4294967279,119
4294967279,118
4294967279,117
4294967279,116
4294967279,115
4294967279,114
4294967279,113
4294967279,112
4294967279,111
4294967279,110
4294967279,109
4294967279,108
4294967279,282
4294967278,289
4294967278,0
4294967278,166
4294967278,37
4294967278,36
4294967278,35
4294967278,34
4294967278,33
4294967278,32
4294967278,31
4294967278,30
4294967278,29
4294967278,28
4294967278,27
4294967278,26
4294967278,25
4294967278,24
4294967278,23
4294967278,22
4294967278,21
4294967278,20
4294967278,19
4294967278,18
4294967278,17
4294967278,16
4294967278,15
4294967278,14
4294967278,13
4294967278,12
4294967278,11
4294967278,10
4294967278,9
4294967278,8
4294967278,7
4294967278,6
4294967278,5
4294967278,4
4294967279,132
4294967279,131
4294967279,130
4294967279,129
4294967279,128
4294967279,127
4294967279,126
4294967279,22
4294967279,20
4294967279,19
4294967279,18
4294967279,17
4294967279,16
4294967279,14
4294967279,13
4294967279,0
4294967278,165
4294967278,164
4294967278,161
4294967294,50
4294967294,1006
4294967294,143
4294967294,140
4294967294,134
4294967294,993
4294967294,991
4294967294,989
4294967294,988
4294967294,60
4294967294,1016
4294967294,1015
4294967294,1014
4294967294,1008
4294967294,1009
4294967294,197
4294967294,1007
4294967294,1002
4294967294,1004
4294967294,397
4294967294,417
4294967294,449
4294967294,448
4294967294,413
4294967294,391
4294967294,450
4294967294,386
4294967294,398
4294967294,411
4294967294,402
4294967294,400
4294967294,403
4294967294,415
4294967294,190
4294967294,406
4294967294,401
4294967294,425
4294967294,15
4294967294,18
4294967294,127
4294967294,14
4294967294,126
4294967294,20
4294967294,13
4294967294,170
4294967294,169
4294967278,160
4294967294,112
4294967294,180
4294967294,451
4294967294,30
4294967294,160
4294967294,164
4294967294,996
4294967294,97
4294967294,189
4294967294,185
4294967294,61
4294967294,387
4294967294,388
4294967294,165
4294967294,113
4294967294,167
4294967294,106
4294967294,166
4294967294,183
4294967294,177
4294967294,176
4294967278,159
4294967278,158
4294967278,157
4294967278,156
4294967278,155
4294967278,154
4294967278,153
4294967278,152
4294967278,151
4294967294,456
4294967278,150
4294967278,149
4294967294,162
4294967278,148
4294967278,147
4294967278,146
4294967294,517
4294967294,453
4294967278,145
4294967278,144
4294967294,454
4294967294,455
4294967278,143
4294967294,81
4294967294,421
4294967294,161
4294967294,12
4294967294,11
4294967294,5
4294967294,42
4294967294,99
4294967294,76
4294967294,424
4294967294,43
4294967294,51
4294967294,52
4294967294,203
4294967278,132
4294967278,131
4294967278,130
4294967278,129
4294967278,128
4294967278,127
4294967278,126
4294967278,125
4294967278,124
4294967278,123
4294967278,122
4294967278,121
4294967278,120
4294967278,119
4294967278,118
4294967278,117
4294967278,116
4294967278,115
4294967278,114
4294967278,113
4294967278,112
4294967278,111
4294967278,110
4294967278,109
4294967278,108
4294967278,107
4294967278,106
4294967278,105
4294967278,104
4294967278,103
4294967278,102
4294967278,101
4294967278,100
4294967278,99
4294967278,98
4294967278,97
4294967278,96
4294967278,95
4294967278,94
4294967278,93
4294967278,92
4294967278,91
4294967278,90
4294967278,89
4294967278,87
4294967278,86
4294967278,85
4294967278,84
4294967278,83
4294967278,82
4294967278,81
4294967278,80
4294967278,79
4294967278,78
4294967278,77
4294967278,76
4294967278,75
4294967278,74
4294967278,73
4294967278,72
4294967278,71
4294967278,70
4294967278,69
4294967278,68
